0.000000 1.000000 5.000000 -4.993262 0.000000 1.000000 
0.000000 1.000000 2.500000 -2.417915 2.500000 -2.417915 
0.000000 1.000000 1.250000 -0.963495 1.250000 -0.963495 
0.000000 1.000000 0.625000 -0.089739 0.625000 -0.089739 
0.312500 0.419116 0.625000 -0.089739 0.312500 0.419116 
0.468750 0.157034 0.625000 -0.089739 0.468750 0.157034 
0.546875 0.031881 0.625000 -0.089739 0.546875 0.031881 
0.546875 0.031881 0.585938 -0.029354 0.585938 -0.029354 
0.566406 0.001155 0.585938 -0.029354 0.566406 0.001155 
0.566406 0.001155 0.576172 -0.014126 0.576172 -0.014126 
0.566406 0.001155 0.571289 -0.006492 0.571289 -0.006492 
0.566406 0.001155 0.568848 -0.002670 0.568848 -0.002670 
0.566406 0.001155 0.567627 -0.000758 0.567627 -0.000758 
0.567017 0.000199 0.567627 -0.000758 0.567017 0.000199 
0.567017 0.000199 0.567322 -0.000280 0.567322 -0.000280 
0.567017 0.000199 0.567169 -0.000041 0.567169 -0.000041 
0.567093 0.000079 0.567169 -0.000041 0.567093 0.000079 
0.567131 0.000019 0.567169 -0.000041 0.567131 0.000019 
0.567131 0.000019 0.567150 -0.000011 0.567150 -0.000011 
0.567141 0.000004 0.567150 -0.000011 0.567141 0.000004 
