1.000000 -1.000000 2.000000 5.000000 1.000000 -1.000000 
1.000000 -1.000000 1.500000 0.875000 1.500000 0.875000 
1.250000 -0.296875 1.500000 0.875000 1.250000 -0.296875 
1.250000 -0.296875 1.375000 0.224609 1.375000 0.224609 
1.312500 -0.051514 1.375000 0.224609 1.312500 -0.051514 
1.312500 -0.051514 1.343750 0.082611 1.343750 0.082611 
1.312500 -0.051514 1.328125 0.014576 1.328125 0.014576 
1.320312 -0.018711 1.328125 0.014576 1.320312 -0.018711 
1.324219 -0.002128 1.328125 0.014576 1.324219 -0.002128 
1.324219 -0.002128 1.326172 0.006209 1.326172 0.006209 
